%Esantion TfA
E=[0.3310	3.4537	4.0919	3.1254	10.3614	3.0982	1.0897	7.9657	5.0024	0.0639	3.8852	1.7200	1.0864	2.0479	7.2433	16.5188	6.8005	2.5134	4.9077	6.7153	2.9131	2.0798	0.8957	2.0369	3.7862	3.1580	20.6400	3.4773	7.6800	3.1752	0.8510	2.5307	13.3662	5.3444	12.3461	4.3861	8.2390	4.2888	6.7083	5.1759	1.2088	0.9892	0.0246	0.5512	6.6147	6.5427	0.2479	1.6998	10.1125	3.0015	7.8374	0.5578	0.5135	1.7481	15.1554	0.1798	1.8337	10.1034	5.3115	1.1133	6.8400	15.4903	8.5049	4.4170	1.5598	9.8501	2.9150	8.4975	1.9597	2.5556	2.1170	0.9126	2.7246	9.6179	1.6281	0.8402	4.1042	40.0231	17.2769	5.6599	0.2473	3.8358	7.9618	4.9830	7.5428	4.1251	1.7167	1.3110	8.4033	5.8433	0.1003	1.4736	3.5648	8.1371	3.2716	2.1416	1.1840	7.0522	0.8175	6.1878	0.4146	0.1997	2.8957	4.6251	6.8697	10.6446	7.5951	1.9197	1.1605	3.0270	5.5343	1.9956	0.7317	6.7906	1.0051	2.5980	2.8333	2.4557	4.7938	3.7279	0.4214	0.6020	0.3383	2.4050	7.0503	1.6393	4.3184	7.1911	3.7058	0.9313	5.7954	1.7119	7.2666	3.5210	9.8407	5.0385	1.3801	4.0210	3.4601	19.7226	7.3731	10.4334	1.7746	3.4937	1.8564	2.7607	8.5087	3.5482	0.0276	4.0527	0.7369	12.6814	7.1999	1.4774	5.0819	3.6077	2.6342	1.0878	6.0230	1.9681	1.3901	6.3749	2.9994	0.5083	0.0018	1.0074	7.6159	1.9592	4.6981	2.1467	1.2149	0.6205	11.6995	2.0926	3.6896	3.6997	4.1377	5.9428	2.8449	0.0931	3.2776	0.1006	13.1470	2.4921	0.5585	5.0591	11.6040	2.1856	6.9524	5.1118	6.0694	1.9333	13.7470	3.3590	6.4742	3.9748	14.2303	0.2394	3.2641	0.9864	9.3808	1.1489	0.1160	10.0057	4.1078	2.7779	23.2124	0.2268	3.3363	0.0713	6.1101	4.2015	5.6067	18.1431	11.1356	4.0791	2.4338	6.0578	2.2078	0.4725	1.8013	2.8759	1.8439	1.1556	4.6656	2.5224	1.1424	7.9191	0.3703	1.2844	0.4020	2.0818	1.9682	4.3139	0.5100	5.5897	9.4722	4.7185	2.7014	7.1722	2.5778	5.1495	0.1495	4.3922	3.5092	0.7064	4.5226	1.7971	2.6846	11.3127	5.0161	2.9591	1.6903	0.0155	1.9028	1.0907	5.6758	6.7766	6.0122	2.7504	2.0147	9.6665	3.7798	0.1227	1.8040	1.0269	10.5988	3.0748	11.3722	3.4962	2.5381	0.6462	3.9272	0.7850	5.6753	12.5148	0.3774	1.4448	1.5959	1.1501	14.5987	2.0049	2.7702	2.3514	2.2861	6.5491	0.7970	4.8026	3.4209	7.1053	5.5832	10.9627	1.2098	3.9410	1.9836	8.0698	4.1472	8.0278	4.3345	3.0615	2.3855	2.3598	0.9295	0.8469	2.8579	2.8825	1.4601	2.6133	0.4114	0.2193	2.1527	1.3410	3.5679	19.9089	2.6563	6.4543	7.1190	0.1996	1.2383	5.8947	9.4129	0.0033	1.7196	3.1720	11.3163	2.8310	2.4866	4.8752	4.2594	1.2114	0.9274	2.1385	5.1078	1.6345	3.8426	2.5350	1.8344	1.5635	1.7709	6.5620	0.1952	3.0941	3.2444	3.0696	7.9662	9.0304	1.5963	0.6547	8.1125	3.4143	16.9880	10.0323	1.6173	0.2480	3.2233	0.1768	2.9195	1.0234	1.6916	4.1156	11.2923	1.8267	3.4126	7.9571	11.0146	1.1062	7.2471	6.4442	2.3353	1.8959	6.3599	3.3826	1.4419	16.8035	2.4519	2.5213	19.4375	3.3294	4.5750	4.4359	3.4807	3.9983	1.9550	1.4555	5.9908	1.5367	6.8579	3.4657	1.7798	6.8532	1.0720	11.4841	14.6437	0.0077	1.5340	0.2224	0.4988	0.1610	9.6339	0.4393];
%Esantion TfB
%E=[3.9847	1.2514	1.7995	0.7441	1.2960	9.4237	11.8346	1.6964	0.2066	0.6250	10.2697	11.8393	4.7593	0.5942	10.4166	2.5243	5.0129	1.3921	3.0970	5.3886	4.8374	0.4037	0.5737	3.1474	0.8064	7.0905	1.6239	6.5528	7.3135	1.3281	4.0450	6.3488	2.8096	10.2908	1.9598	8.3847	9.0054	4.0754	1.3265	5.3981	2.9282	10.7560	2.6315	7.6220	0.0678	5.0082	6.5636	3.3651	0.7766	1.3041	2.3947	0.0368	9.4867	0.5296	0.6957	0.7247	7.9288	7.2942	4.1506	0.4831	3.9351	2.4241	13.7132	3.1372	7.9958	13.5548	0.8507	2.5208	12.1553	1.5576	5.9231	7.2513	0.9384	0.5562	8.1628	0.9871	17.0344	2.8574	0.8111	13.4775	0.5125	3.1551	19.4522	21.0899	12.9558	0.9075	4.0547	10.4832	15.5936	8.0644	14.4101	0.7224	0.9089	7.8044	13.2112	1.9548	8.9167	16.7588	6.5086	5.3985	4.3951	2.0224	0.5103	2.3165	1.4295	1.1148	19.1817	0.9723	5.7027	3.6034	27.3985	1.5162	4.5341	6.9226	4.0527	1.4292	2.5268	1.2871	0.3907	3.1614	5.1475	1.8906	8.5939	5.7473	1.5333	2.1088	2.5455	6.2880	10.7862	5.1138	1.2946	11.8742	24.3366	1.3330	6.5415	9.4696	1.3137	14.1798	8.6193	1.3593	7.4572	2.2200	2.4300	7.9585	10.2614	8.2279	11.5260	8.4353	13.5431	3.7756	2.6071	5.1327	4.4876	0.3067	10.1706	1.1156	7.5768	2.7707	4.5976	17.5250	4.5638	2.8192	5.9877	8.4058	3.1247	5.4902	6.3380	18.7901	4.2898	2.9962	0.3438	1.8349	0.7647	5.0057	3.4474	2.9751	8.9718	12.7953	8.6124	9.1603	8.6954	9.9430	1.4866	4.8053	15.8653	18.0385	2.7185	13.3633	4.3699	3.0120	9.3062	0.2415	1.8054	5.9354	7.6829	0.6736	5.9739	27.7168	12.6310	2.8751	3.7337	8.6305	5.7987	10.9597	1.7012	1.4552	4.6275	15.4243	3.0185	0.1812	4.3362	4.6611	0.0047	2.0871	4.7411	24.8687	4.1610	2.2627	16.2777	15.6996	2.9640	5.5486	5.4635	3.8652	16.2707	3.5232	1.1625	7.6338	2.7610	12.4360	1.0604	1.2138	1.7831	0.5451	4.9916	2.1855	2.4540	5.6405	0.5947	0.9360	9.0930	3.5873	4.3452	0.3380	25.8254	7.3576	0.2143	1.0318	14.4939	19.9663	0.5979	3.7084	1.0767	7.2795	4.1034	10.2477	27.1954	0.3447	3.9374	14.4223	4.9917	1.8175	3.9596	0.4658	5.8305	11.4944	1.0459	11.3552	0.9900	1.0706	4.5479	1.6081	1.0537	5.7544	3.6395	4.1368	7.7204	0.5123	5.7033	0.5962	4.5594	5.6086	2.2467	1.0931	10.3951	0.8997	3.0329	5.1201	2.6653	13.3883	2.1314	14.2682	3.5585	1.9123	0.5303	0.8050	6.2353	2.1578	6.0593	5.0797	9.1691	3.3764	26.6846	5.6176	6.0167	12.1770	1.8909	7.0574	6.0237	0.0691	2.9697	5.6882	9.1603	0.2195	12.1264	5.7343	3.9600	14.3911	3.4101	14.1746	3.2491	4.6309	1.2738	3.4870	9.7754	5.2811	5.2558	0.8651	1.8306	5.8032	11.2521	3.8457	24.4709	13.2882	2.8587	4.5438	0.0325	2.6174	0.1761	0.7972	2.1975	15.5925	5.1269	47.4302	2.4330	1.6009	0.5789	6.5125	3.8226	2.6730	10.8479	0.0962	37.0421	10.2344	4.7616	3.6737	8.5977	0.0317	5.0581	18.1691	2.2705	9.0174	7.5622	8.5498	15.3135	3.5561	8.3073	21.5959	2.7999	3.1963	10.3870	2.3477	7.3401	5.3477	6.0472	2.9528	1.5228	3.2622	2.6882	3.3173	11.5339	19.8744	12.4734	7.9292	1.7477	5.5189	12.0903	1.9406	2.5179	2.8453	3.8340	8.6481	16.3482	5.9547	0.2911	23.3610	3.2969	0.7711	3.3979	2.0937	];
